34 34 78717465.3255
190 190 78717465.3255
162 34 484443159.107
190 62 484443159.107
34 162 484443159.107
62 190 484443159.107
62 62 8059524217.59
162 162 8059524217.59
162 50 19435214756.9
174 62 19435214756.9
50 162 19435214756.9
62 174 19435214756.9
134 62 22825782242.1
162 90 22825782242.1
62 134 22825782242.1
90 162 22825782242.1
190 34 28489492004.3
34 190 28489492004.3
118 62 41041168844.8
162 106 41041168844.8
62 118 41041168844.8
106 162 41041168844.8
78 62 49957132266.9
62 78 49957132266.9
162 146 49957132266.9
146 162 49957132266.9
174 34 50920689704.8
190 50 50920689704.8
34 174 50920689704.8
50 190 50920689704.8
90 90 74409519726.5
134 134 74409519726.5
62 34 103123724122.0
162 190 103123724122.0
34 62 103179759456.0
190 162 103179759456.0
146 190 143493651073.0
78 34 143504604989.0
34 78 143504604989.0
190 146 143504604989.0
90 33 147147363202.0
33 90 147147363202.0
191 134 147147363202.0
134 191 148645701200.0
106 90 156693141244.0
90 106 156693141244.0
134 118 156693141244.0
118 134 156693141244.0
134 34 158835163270.0
190 90 158835163270.0
34 134 158835163270.0
90 190 158835163270.0
118 34 175913826029.0
190 106 175913826029.0
34 118 175913826029.0
106 190 175913826029.0
134 78 261555900020.0
146 90 261555900020.0
78 134 261555900020.0
90 146 261555900020.0
106 106 351601683238.0
118 118 351601683238.0
90 50 382731095370.0
50 90 382731095370.0
174 134 382731095370.0
134 174 382731095370.0
134 22 462107241173.0
202 90 462107241173.0
22 134 462107241173.0
90 202 462107241173.0
162 62 474426988509.0
62 162 474426988509.0
118 78 624543265137.0
146 106 624543265137.0
78 118 624543265137.0
106 146 624543265137.0
79 78 853503469147.0
78 79 853503469147.0
146 145 853503469147.0
145 146 853503469147.0
90 62 886926310180.0
62 90 886926310180.0
162 134 886926310180.0
134 162 886926310180.0
106 89 947450091138.0
89 106 947450091138.0
135 118 947450091138.0
118 135 947450091138.0
174 118 1.01013913445e+12
106 50 1.0106882324e+12
50 106 1.0106882324e+12
118 174 1.0106882324e+12
78 78 1.14858108376e+12
146 146 1.14858108376e+12
106 62 1.29063740658e+12
62 106 1.29063740658e+12
118 162 1.29063740658e+12
162 118 1.29174900262e+12
118 22 1.55040614208e+12
202 106 1.55040614208e+12
